Step	Training Loss
1	0.880300
2	0.945600
3	1.163100
4	1.030700
5	0.827200
6	1.073100
7	0.715000
8	1.126800
9	1.035400
10	0.873700
11	0.936800
12	1.158300
13	1.060400
14	0.833700
15	1.032800
16	0.731000
17	1.134700
18	0.991100s
19	0.924900
20	1.007300
21	0.892300
22	0.877300
23	1.105300
24	0.991300
25	0.755100
26	0.943800
27	0.964000
28	0.917300
29	1.176600
30	1.178200
31	0.795500
32	0.701400
33	0.737100
34	0.698200
35	0.879400
36	1.052400
37	1.015900
38	0.808100
39	0.894200
40	1.125900
41	0.964600
42	1.164400
43	0.865200
44	0.950500
45	0.857800
46	0.983300
47	0.880900
48	0.759200
49	1.131000
50	1.087500
51	0.681900
52	1.070400
53	1.307700
54	0.803600
55	1.222500
56	1.253600
57	0.852900
58	0.944000
59	0.900700
60	1.053000
61	0.845200
62	1.244200
63	0.817200
64	1.385700
65	1.024400
66	0.891000
67	0.956400
68	0.926400
69	1.013400
70	0.755300
71	0.608200
72	0.907300
73	1.014300
74	1.122100
75	0.828400
76	0.810400
77	1.082000
78	0.879500
79	1.264700
80	0.985500
81	0.768800
82	0.985400
83	1.020100
84	1.130300
85	0.903400
86	0.713200
87	0.993700
88	0.746900
89	0.975000
90	1.248600
91	0.899400
92	0.701400
93	0.939400
94	0.808000
95	0.665600
96	0.705300
97	0.785900
98	0.847300
99	0.865600
100	0.852000
101	0.791000
102	0.835200
103	0.917800
104	0.864000
105	1.122400
106	0.975000
107	1.107000
108	0.694100
109	0.828500
110	0.881600
111	0.735000
112	0.969300
113	1.121600
114	1.042300
115	0.873600
116	0.880500
117	0.674300
118	0.936600
119	0.893700
120	0.513900
